1.063680000000000000e+05 1.003000000000000000e+03 0.000000000000000000e+00 0.000000000000000000e+00
1.055710000000000000e+05 1.800000000000000000e+03 0.000000000000000000e+00 0.000000000000000000e+00
1.058690000000000000e+05 1.502000000000000000e+03 0.000000000000000000e+00 0.000000000000000000e+00
1.061710000000000000e+05 1.200000000000000000e+03 0.000000000000000000e+00 0.000000000000000000e+00
1.069270000000000000e+05 4.440000000000000000e+02 0.000000000000000000e+00 0.000000000000000000e+00
1.063630000000000000e+05 5.050000000000000000e+02 4.250000000000000000e+02 7.800000000000000000e+01
1.062270000000000000e+05 1.144000000000000000e+03 0.000000000000000000e+00 0.000000000000000000e+00
1.072030000000000000e+05 1.680000000000000000e+02 0.000000000000000000e+00 0.000000000000000000e+00
1.069870000000000000e+05 3.840000000000000000e+02 0.000000000000000000e+00 0.000000000000000000e+00
9.746300000000000000e+04 2.040000000000000000e+03 5.930000000000000000e+03 1.938000000000000000e+03
9.329300000000000000e+04 2.894000000000000000e+03 8.615000000000000000e+03 2.569000000000000000e+03
1.071810000000000000e+05 1.900000000000000000e+02 0.000000000000000000e+00 0.000000000000000000e+00
7.734000000000000000e+04 4.290000000000000000e+03 1.961600000000000000e+04 6.125000000000000000e+03
8.070400000000000000e+04 3.022000000000000000e+03 1.600900000000000000e+04 7.636000000000000000e+03
9.238600000000000000e+04 2.677000000000000000e+03 1.034000000000000000e+04 1.968000000000000000e+03
1.066040000000000000e+05 7.670000000000000000e+02 0.000000000000000000e+00 0.000000000000000000e+00
1.056170000000000000e+05 8.000000000000000000e+02 8.590000000000000000e+02 9.500000000000000000e+01
1.059390000000000000e+05 5.610000000000000000e+02 7.900000000000000000e+02 8.100000000000000000e+01
1.036780000000000000e+05 1.336000000000000000e+03 1.753000000000000000e+03 6.040000000000000000e+02
8.713900000000000000e+04 3.350000000000000000e+03 1.328900000000000000e+04 3.593000000000000000e+03
