8.575200000000000000e+04 2.012000000000000000e+03 1.158300000000000000e+04 8.024000000000000000e+03
2.189700000000000000e+04 2.818000000000000000e+03 3.281100000000000000e+04 4.984500000000000000e+04
9.963200000000000000e+04 1.867000000000000000e+03 4.398000000000000000e+03 1.474000000000000000e+03
1.035500000000000000e+05 1.029000000000000000e+03 2.004000000000000000e+03 7.880000000000000000e+02
1.069250000000000000e+05 4.460000000000000000e+02 0.000000000000000000e+00 0.000000000000000000e+00
3.702700000000000000e+04 2.611000000000000000e+03 2.631200000000000000e+04 4.142100000000000000e+04
1.067370000000000000e+05 6.340000000000000000e+02 0.000000000000000000e+00 0.000000000000000000e+00
1.069210000000000000e+05 4.500000000000000000e+02 0.000000000000000000e+00 0.000000000000000000e+00
1.072100000000000000e+05 1.610000000000000000e+02 0.000000000000000000e+00 0.000000000000000000e+00
1.072250000000000000e+05 1.460000000000000000e+02 0.000000000000000000e+00 0.000000000000000000e+00
1.070100000000000000e+05 3.610000000000000000e+02 0.000000000000000000e+00 0.000000000000000000e+00
1.073120000000000000e+05 5.900000000000000000e+01 0.000000000000000000e+00 0.000000000000000000e+00
7.696700000000000000e+04 2.980000000000000000e+03 1.881900000000000000e+04 8.605000000000000000e+03
