6.636500000000000000e+04 2.576000000000000000e+03 1.183600000000000000e+04 2.659400000000000000e+04
3.614300000000000000e+04 1.921000000000000000e+03 3.224900000000000000e+04 3.705800000000000000e+04
9.387900000000000000e+04 2.550000000000000000e+03 7.235000000000000000e+03 3.707000000000000000e+03
1.070420000000000000e+05 3.290000000000000000e+02 0.000000000000000000e+00 0.000000000000000000e+00
1.059680000000000000e+05 1.403000000000000000e+03 0.000000000000000000e+00 0.000000000000000000e+00
7.408800000000000000e+04 1.793000000000000000e+03 1.038200000000000000e+04 2.110800000000000000e+04
1.027940000000000000e+05 1.147000000000000000e+03 2.227000000000000000e+03 1.203000000000000000e+03
1.058390000000000000e+05 4.310000000000000000e+02 8.560000000000000000e+02 2.450000000000000000e+02
1.034830000000000000e+05 1.254000000000000000e+03 1.520000000000000000e+03 1.114000000000000000e+03
1.068700000000000000e+05 5.010000000000000000e+02 0.000000000000000000e+00 0.000000000000000000e+00
1.071430000000000000e+05 2.280000000000000000e+02 0.000000000000000000e+00 0.000000000000000000e+00
1.071980000000000000e+05 1.730000000000000000e+02 0.000000000000000000e+00 0.000000000000000000e+00
1.072060000000000000e+05 1.650000000000000000e+02 0.000000000000000000e+00 0.000000000000000000e+00
7.706200000000000000e+04 4.143000000000000000e+03 1.928600000000000000e+04 6.880000000000000000e+03
