8.465100000000000000e+04 2.075000000000000000e+03 1.101800000000000000e+04 7.440000000000000000e+03
2.134700000000000000e+04 2.741000000000000000e+03 3.244600000000000000e+04 4.865000000000000000e+04
9.728100000000000000e+04 1.852000000000000000e+03 4.654000000000000000e+03 1.397000000000000000e+03
1.018780000000000000e+05 8.990000000000000000e+02 1.668000000000000000e+03 7.390000000000000000e+02
1.046610000000000000e+05 5.230000000000000000e+02 0.000000000000000000e+00 0.000000000000000000e+00
3.770800000000000000e+04 2.512000000000000000e+03 2.455700000000000000e+04 4.040700000000000000e+04
1.045980000000000000e+05 5.860000000000000000e+02 0.000000000000000000e+00 0.000000000000000000e+00
1.048390000000000000e+05 3.450000000000000000e+02 0.000000000000000000e+00 0.000000000000000000e+00
1.050170000000000000e+05 1.670000000000000000e+02 0.000000000000000000e+00 0.000000000000000000e+00
1.050060000000000000e+05 1.780000000000000000e+02 0.000000000000000000e+00 0.000000000000000000e+00
1.048350000000000000e+05 3.490000000000000000e+02 0.000000000000000000e+00 0.000000000000000000e+00
1.051290000000000000e+05 5.500000000000000000e+01 0.000000000000000000e+00 0.000000000000000000e+00
7.323100000000000000e+04 2.897000000000000000e+03 1.977300000000000000e+04 9.283000000000000000e+03
