6.419100000000000000e+04 2.712000000000000000e+03 1.161500000000000000e+04 2.666600000000000000e+04
3.421200000000000000e+04 1.839000000000000000e+03 3.198700000000000000e+04 3.714600000000000000e+04
9.082000000000000000e+04 2.442000000000000000e+03 8.015000000000000000e+03 3.907000000000000000e+03
1.048800000000000000e+05 3.040000000000000000e+02 0.000000000000000000e+00 0.000000000000000000e+00
1.027940000000000000e+05 6.530000000000000000e+02 1.031000000000000000e+03 7.060000000000000000e+02
7.107000000000000000e+04 1.912000000000000000e+03 1.086200000000000000e+04 2.134000000000000000e+04
1.008290000000000000e+05 9.110000000000000000e+02 2.243000000000000000e+03 1.201000000000000000e+03
1.035250000000000000e+05 4.460000000000000000e+02 9.630000000000000000e+02 2.500000000000000000e+02
1.017630000000000000e+05 1.273000000000000000e+03 1.192000000000000000e+03 9.560000000000000000e+02
1.046690000000000000e+05 5.150000000000000000e+02 0.000000000000000000e+00 0.000000000000000000e+00
1.049660000000000000e+05 2.180000000000000000e+02 0.000000000000000000e+00 0.000000000000000000e+00
1.049470000000000000e+05 2.370000000000000000e+02 0.000000000000000000e+00 0.000000000000000000e+00
1.049660000000000000e+05 2.180000000000000000e+02 0.000000000000000000e+00 0.000000000000000000e+00
7.589500000000000000e+04 3.935000000000000000e+03 1.904400000000000000e+04 6.310000000000000000e+03
