1.040170000000000000e+05 1.167000000000000000e+03 0.000000000000000000e+00 0.000000000000000000e+00
1.011790000000000000e+05 1.073000000000000000e+03 2.256000000000000000e+03 6.760000000000000000e+02
1.017860000000000000e+05 9.270000000000000000e+02 1.901000000000000000e+03 5.700000000000000000e+02
1.040230000000000000e+05 1.161000000000000000e+03 0.000000000000000000e+00 0.000000000000000000e+00
1.048310000000000000e+05 3.530000000000000000e+02 0.000000000000000000e+00 0.000000000000000000e+00
1.046200000000000000e+05 5.640000000000000000e+02 0.000000000000000000e+00 0.000000000000000000e+00
1.041270000000000000e+05 1.057000000000000000e+03 0.000000000000000000e+00 0.000000000000000000e+00
1.050410000000000000e+05 1.430000000000000000e+02 0.000000000000000000e+00 0.000000000000000000e+00
1.048360000000000000e+05 3.480000000000000000e+02 0.000000000000000000e+00 0.000000000000000000e+00
9.667400000000000000e+04 1.965000000000000000e+03 4.965000000000000000e+03 1.580000000000000000e+03
9.162100000000000000e+04 3.038000000000000000e+03 7.982000000000000000e+03 2.543000000000000000e+03
1.049880000000000000e+05 1.960000000000000000e+02 0.000000000000000000e+00 0.000000000000000000e+00
7.906700000000000000e+04 4.421000000000000000e+03 1.626600000000000000e+04 5.430000000000000000e+03
7.587200000000000000e+04 2.690000000000000000e+03 1.824500000000000000e+04 8.377000000000000000e+03
9.312500000000000000e+04 3.115000000000000000e+03 7.469000000000000000e+03 1.475000000000000000e+03
1.044590000000000000e+05 7.250000000000000000e+02 0.000000000000000000e+00 0.000000000000000000e+00
1.044320000000000000e+05 7.520000000000000000e+02 0.000000000000000000e+00 0.000000000000000000e+00
1.046520000000000000e+05 5.320000000000000000e+02 0.000000000000000000e+00 0.000000000000000000e+00
1.006670000000000000e+05 1.213000000000000000e+03 2.651000000000000000e+03 6.530000000000000000e+02
8.717800000000000000e+04 3.150000000000000000e+03 1.106000000000000000e+04 3.796000000000000000e+03
