6.370500000000000000e+04 2.791000000000000000e+03 1.223900000000000000e+04 2.644900000000000000e+04
3.532900000000000000e+04 2.375000000000000000e+03 3.082900000000000000e+04 3.665100000000000000e+04
9.027500000000000000e+04 2.400000000000000000e+03 8.615000000000000000e+03 3.894000000000000000e+03
1.048570000000000000e+05 3.270000000000000000e+02 0.000000000000000000e+00 0.000000000000000000e+00
1.038280000000000000e+05 1.356000000000000000e+03 0.000000000000000000e+00 0.000000000000000000e+00
7.093500000000000000e+04 2.116000000000000000e+03 1.106600000000000000e+04 2.106700000000000000e+04
1.010430000000000000e+05 1.011000000000000000e+03 1.927000000000000000e+03 1.203000000000000000e+03
1.044420000000000000e+05 7.420000000000000000e+02 0.000000000000000000e+00 0.000000000000000000e+00
1.016290000000000000e+05 1.252000000000000000e+03 1.302000000000000000e+03 1.001000000000000000e+03
1.046600000000000000e+05 5.240000000000000000e+02 0.000000000000000000e+00 0.000000000000000000e+00
1.049180000000000000e+05 2.660000000000000000e+02 0.000000000000000000e+00 0.000000000000000000e+00
1.049450000000000000e+05 2.390000000000000000e+02 0.000000000000000000e+00 0.000000000000000000e+00
1.049510000000000000e+05 2.330000000000000000e+02 0.000000000000000000e+00 0.000000000000000000e+00
7.634700000000000000e+04 3.924000000000000000e+03 1.871500000000000000e+04 6.198000000000000000e+03
