1.040320000000000000e+05 1.152000000000000000e+03 0.000000000000000000e+00 0.000000000000000000e+00
1.008520000000000000e+05 1.102000000000000000e+03 2.612000000000000000e+03 6.180000000000000000e+02
1.017710000000000000e+05 9.440000000000000000e+02 1.890000000000000000e+03 5.790000000000000000e+02
1.040330000000000000e+05 1.151000000000000000e+03 0.000000000000000000e+00 0.000000000000000000e+00
1.048550000000000000e+05 3.290000000000000000e+02 0.000000000000000000e+00 0.000000000000000000e+00
1.046240000000000000e+05 5.600000000000000000e+02 0.000000000000000000e+00 0.000000000000000000e+00
1.030120000000000000e+05 8.770000000000000000e+02 1.107000000000000000e+03 1.880000000000000000e+02
1.050360000000000000e+05 1.480000000000000000e+02 0.000000000000000000e+00 0.000000000000000000e+00
1.048320000000000000e+05 3.520000000000000000e+02 0.000000000000000000e+00 0.000000000000000000e+00
9.643200000000000000e+04 1.860000000000000000e+03 5.239000000000000000e+03 1.653000000000000000e+03
9.152900000000000000e+04 3.072000000000000000e+03 8.140000000000000000e+03 2.443000000000000000e+03
1.049970000000000000e+05 1.870000000000000000e+02 0.000000000000000000e+00 0.000000000000000000e+00
8.031300000000000000e+04 4.601000000000000000e+03 1.514700000000000000e+04 5.123000000000000000e+03
7.792700000000000000e+04 3.245000000000000000e+03 1.627700000000000000e+04 7.735000000000000000e+03
9.297200000000000000e+04 2.866000000000000000e+03 7.739000000000000000e+03 1.607000000000000000e+03
1.044330000000000000e+05 7.510000000000000000e+02 0.000000000000000000e+00 0.000000000000000000e+00
1.044110000000000000e+05 7.730000000000000000e+02 0.000000000000000000e+00 0.000000000000000000e+00
1.046110000000000000e+05 5.730000000000000000e+02 0.000000000000000000e+00 0.000000000000000000e+00
1.007220000000000000e+05 1.277000000000000000e+03 2.580000000000000000e+03 6.050000000000000000e+02
8.814200000000000000e+04 3.341000000000000000e+03 1.018300000000000000e+04 3.518000000000000000e+03
