8.445200000000000000e+04 2.197000000000000000e+03 1.120400000000000000e+04 7.331000000000000000e+03
2.004000000000000000e+04 2.539000000000000000e+03 3.384000000000000000e+04 4.876500000000000000e+04
9.703500000000000000e+04 1.824000000000000000e+03 4.931000000000000000e+03 1.394000000000000000e+03
1.016140000000000000e+05 8.830000000000000000e+02 1.864000000000000000e+03 8.230000000000000000e+02
1.046430000000000000e+05 5.410000000000000000e+02 0.000000000000000000e+00 0.000000000000000000e+00
3.564400000000000000e+04 2.391000000000000000e+03 2.667700000000000000e+04 4.047200000000000000e+04
1.045780000000000000e+05 6.060000000000000000e+02 0.000000000000000000e+00 0.000000000000000000e+00
1.048360000000000000e+05 3.480000000000000000e+02 0.000000000000000000e+00 0.000000000000000000e+00
1.050260000000000000e+05 1.580000000000000000e+02 0.000000000000000000e+00 0.000000000000000000e+00
1.050320000000000000e+05 1.520000000000000000e+02 0.000000000000000000e+00 0.000000000000000000e+00
1.048460000000000000e+05 3.380000000000000000e+02 0.000000000000000000e+00 0.000000000000000000e+00
1.051270000000000000e+05 5.700000000000000000e+01 0.000000000000000000e+00 0.000000000000000000e+00
7.346800000000000000e+04 3.007000000000000000e+03 1.950300000000000000e+04 9.206000000000000000e+03
