1.538000000000000000e+03 2.100000000000000000e+01 4.540000000000000000e+02 7.170000000000000000e+02
0.000000000000000000e+00 0.000000000000000000e+00 1.517000000000000000e+03 1.213000000000000000e+03
2.725000000000000000e+03 5.000000000000000000e+00 0.000000000000000000e+00 0.000000000000000000e+00
2.700000000000000000e+03 3.000000000000000000e+01 0.000000000000000000e+00 0.000000000000000000e+00
2.716000000000000000e+03 1.400000000000000000e+01 0.000000000000000000e+00 0.000000000000000000e+00
0.000000000000000000e+00 0.000000000000000000e+00 1.582000000000000000e+03 1.148000000000000000e+03
2.730000000000000000e+03 0.000000000000000000e+00 0.000000000000000000e+00 0.000000000000000000e+00
2.730000000000000000e+03 0.000000000000000000e+00 0.000000000000000000e+00 0.000000000000000000e+00
2.730000000000000000e+03 0.000000000000000000e+00 0.000000000000000000e+00 0.000000000000000000e+00
2.727000000000000000e+03 3.000000000000000000e+00 0.000000000000000000e+00 0.000000000000000000e+00
2.730000000000000000e+03 0.000000000000000000e+00 0.000000000000000000e+00 0.000000000000000000e+00
2.730000000000000000e+03 0.000000000000000000e+00 0.000000000000000000e+00 0.000000000000000000e+00
2.041000000000000000e+03 4.200000000000000000e+01 4.350000000000000000e+02 2.120000000000000000e+02
