0.000000000000000000e+00 0.000000000000000000e+00 1.696000000000000000e+03 1.034000000000000000e+03
0.000000000000000000e+00 0.000000000000000000e+00 1.771000000000000000e+03 9.590000000000000000e+02
2.473000000000000000e+03 7.000000000000000000e+01 1.380000000000000000e+02 4.900000000000000000e+01
2.721000000000000000e+03 9.000000000000000000e+00 0.000000000000000000e+00 0.000000000000000000e+00
2.688000000000000000e+03 4.200000000000000000e+01 0.000000000000000000e+00 0.000000000000000000e+00
0.000000000000000000e+00 0.000000000000000000e+00 2.036000000000000000e+03 6.940000000000000000e+02
2.702000000000000000e+03 2.800000000000000000e+01 0.000000000000000000e+00 0.000000000000000000e+00
2.726000000000000000e+03 4.000000000000000000e+00 0.000000000000000000e+00 0.000000000000000000e+00
2.596000000000000000e+03 8.000000000000000000e+01 3.100000000000000000e+01 2.300000000000000000e+01
2.726000000000000000e+03 4.000000000000000000e+00 0.000000000000000000e+00 0.000000000000000000e+00
2.730000000000000000e+03 0.000000000000000000e+00 0.000000000000000000e+00 0.000000000000000000e+00
2.730000000000000000e+03 0.000000000000000000e+00 0.000000000000000000e+00 0.000000000000000000e+00
2.730000000000000000e+03 0.000000000000000000e+00 0.000000000000000000e+00 0.000000000000000000e+00
2.621000000000000000e+03 1.090000000000000000e+02 0.000000000000000000e+00 0.000000000000000000e+00
