2.706000000000000000e+03 2.400000000000000000e+01 0.000000000000000000e+00 0.000000000000000000e+00
2.669000000000000000e+03 6.100000000000000000e+01 0.000000000000000000e+00 0.000000000000000000e+00
2.616000000000000000e+03 1.140000000000000000e+02 0.000000000000000000e+00 0.000000000000000000e+00
2.708000000000000000e+03 2.200000000000000000e+01 0.000000000000000000e+00 0.000000000000000000e+00
2.730000000000000000e+03 0.000000000000000000e+00 0.000000000000000000e+00 0.000000000000000000e+00
2.726000000000000000e+03 4.000000000000000000e+00 0.000000000000000000e+00 0.000000000000000000e+00
2.721000000000000000e+03 9.000000000000000000e+00 0.000000000000000000e+00 0.000000000000000000e+00
2.730000000000000000e+03 0.000000000000000000e+00 0.000000000000000000e+00 0.000000000000000000e+00
2.730000000000000000e+03 0.000000000000000000e+00 0.000000000000000000e+00 0.000000000000000000e+00
2.730000000000000000e+03 0.000000000000000000e+00 0.000000000000000000e+00 0.000000000000000000e+00
2.685000000000000000e+03 4.500000000000000000e+01 0.000000000000000000e+00 0.000000000000000000e+00
2.730000000000000000e+03 0.000000000000000000e+00 0.000000000000000000e+00 0.000000000000000000e+00
2.644000000000000000e+03 8.600000000000000000e+01 0.000000000000000000e+00 0.000000000000000000e+00
0.000000000000000000e+00 0.000000000000000000e+00 2.313000000000000000e+03 4.170000000000000000e+02
2.702000000000000000e+03 2.800000000000000000e+01 0.000000000000000000e+00 0.000000000000000000e+00
2.725000000000000000e+03 5.000000000000000000e+00 0.000000000000000000e+00 0.000000000000000000e+00
2.727000000000000000e+03 3.000000000000000000e+00 0.000000000000000000e+00 0.000000000000000000e+00
2.720000000000000000e+03 1.000000000000000000e+01 0.000000000000000000e+00 0.000000000000000000e+00
2.425000000000000000e+03 2.800000000000000000e+01 2.090000000000000000e+02 6.800000000000000000e+01
2.730000000000000000e+03 0.000000000000000000e+00 0.000000000000000000e+00 0.000000000000000000e+00
