8.663900000000000000e+04 2.210000000000000000e+03 1.072000000000000000e+04 7.802000000000000000e+03
2.178000000000000000e+04 2.977000000000000000e+03 3.310700000000000000e+04 4.950700000000000000e+04
9.934300000000000000e+04 1.935000000000000000e+03 4.625000000000000000e+03 1.468000000000000000e+03
1.055730000000000000e+05 1.798000000000000000e+03 0.000000000000000000e+00 0.000000000000000000e+00
1.069140000000000000e+05 4.570000000000000000e+02 0.000000000000000000e+00 0.000000000000000000e+00
3.684900000000000000e+04 2.975000000000000000e+03 2.663800000000000000e+04 4.090900000000000000e+04
1.067570000000000000e+05 6.140000000000000000e+02 0.000000000000000000e+00 0.000000000000000000e+00
1.069210000000000000e+05 4.500000000000000000e+02 0.000000000000000000e+00 0.000000000000000000e+00
1.072090000000000000e+05 1.620000000000000000e+02 0.000000000000000000e+00 0.000000000000000000e+00
1.072220000000000000e+05 1.490000000000000000e+02 0.000000000000000000e+00 0.000000000000000000e+00
1.070240000000000000e+05 3.470000000000000000e+02 0.000000000000000000e+00 0.000000000000000000e+00
1.073150000000000000e+05 5.600000000000000000e+01 0.000000000000000000e+00 0.000000000000000000e+00
7.741200000000000000e+04 2.986000000000000000e+03 1.855000000000000000e+04 8.423000000000000000e+03
