6.743700000000000000e+04 2.868000000000000000e+03 1.085200000000000000e+04 2.621400000000000000e+04
3.593400000000000000e+04 2.011000000000000000e+03 3.240100000000000000e+04 3.702500000000000000e+04
9.381700000000000000e+04 2.475000000000000000e+03 7.308000000000000000e+03 3.771000000000000000e+03
1.070510000000000000e+05 3.200000000000000000e+02 0.000000000000000000e+00 0.000000000000000000e+00
1.053080000000000000e+05 6.810000000000000000e+02 7.220000000000000000e+02 6.600000000000000000e+02
7.421200000000000000e+04 1.827000000000000000e+03 1.041200000000000000e+04 2.092000000000000000e+04
1.027080000000000000e+05 1.154000000000000000e+03 2.285000000000000000e+03 1.224000000000000000e+03
1.067150000000000000e+05 6.560000000000000000e+02 0.000000000000000000e+00 0.000000000000000000e+00
1.051140000000000000e+05 2.257000000000000000e+03 0.000000000000000000e+00 0.000000000000000000e+00
1.068500000000000000e+05 5.210000000000000000e+02 0.000000000000000000e+00 0.000000000000000000e+00
1.071240000000000000e+05 2.470000000000000000e+02 0.000000000000000000e+00 0.000000000000000000e+00
1.071940000000000000e+05 1.770000000000000000e+02 0.000000000000000000e+00 0.000000000000000000e+00
1.072060000000000000e+05 1.650000000000000000e+02 0.000000000000000000e+00 0.000000000000000000e+00
7.752800000000000000e+04 4.144000000000000000e+03 1.888700000000000000e+04 6.812000000000000000e+03
