1.051270000000000000e+05 6.370000000000000000e+02 1.203000000000000000e+03 4.040000000000000000e+02
1.030630000000000000e+05 1.011000000000000000e+03 2.506000000000000000e+03 7.910000000000000000e+02
1.038660000000000000e+05 9.280000000000000000e+02 1.982000000000000000e+03 5.950000000000000000e+02
1.062160000000000000e+05 1.155000000000000000e+03 0.000000000000000000e+00 0.000000000000000000e+00
1.069230000000000000e+05 4.480000000000000000e+02 0.000000000000000000e+00 0.000000000000000000e+00
1.068240000000000000e+05 5.470000000000000000e+02 0.000000000000000000e+00 0.000000000000000000e+00
1.062500000000000000e+05 1.121000000000000000e+03 0.000000000000000000e+00 0.000000000000000000e+00
1.072050000000000000e+05 1.660000000000000000e+02 0.000000000000000000e+00 0.000000000000000000e+00
1.070060000000000000e+05 3.650000000000000000e+02 0.000000000000000000e+00 0.000000000000000000e+00
9.749000000000000000e+04 2.098000000000000000e+03 5.779000000000000000e+03 2.004000000000000000e+03
9.401100000000000000e+04 2.955000000000000000e+03 7.920000000000000000e+03 2.485000000000000000e+03
1.071930000000000000e+05 1.780000000000000000e+02 0.000000000000000000e+00 0.000000000000000000e+00
7.938300000000000000e+04 4.579000000000000000e+03 1.760000000000000000e+04 5.809000000000000000e+03
7.943200000000000000e+04 2.849000000000000000e+03 1.729900000000000000e+04 7.791000000000000000e+03
9.399400000000000000e+04 2.969000000000000000e+03 8.673000000000000000e+03 1.735000000000000000e+03
1.066180000000000000e+05 7.330000000000000000e+02 4.000000000000000000e+00 1.600000000000000000e+01
1.064810000000000000e+05 8.900000000000000000e+02 0.000000000000000000e+00 0.000000000000000000e+00
1.067050000000000000e+05 6.660000000000000000e+02 0.000000000000000000e+00 0.000000000000000000e+00
1.026990000000000000e+05 1.180000000000000000e+03 2.802000000000000000e+03 6.900000000000000000e+02
8.927100000000000000e+04 3.725000000000000000e+03 1.101600000000000000e+04 3.359000000000000000e+03
